[0.542437, -2.093311, -1.703192]
[0.602606, -2.152252, -1.711208]
[0.460374, -1.611031, -2.029134]
[0.623247, -2.167206, -1.730205]
[0.527011, -2.078505, -1.699971]
[0.498735, -2.051741, 1.448960]
[1.070828, -2.601907, -1.756899]
[1.077187, -2.604654, -1.764745]
[0.621157, -2.189534, 1.522942]
[0.443126, -1.984518, -1.720418]
[0.286624, -1.849542, -1.635808]
[0.317576, -1.877447, -1.650788]
[0.562209, -2.125370, -1.653724]
[0.467527, -2.021039, -1.688231]
[0.615480, -2.179187, -1.652537]
[0.992523, -2.510797, -1.794237]
[0.860885, -2.044045, -2.222056]
[0.667760, -2.146875, -1.869680]
[0.567931, -2.048187, -1.854250]
[0.603114, -2.165397, -1.659949]
[0.720377, -2.251207, -1.770567]
[1.022951, -2.547440, -1.777447]
[0.930913, -2.483649, -1.703057]
[0.857996, -2.428184, 1.546271]
[0.933514, -2.490276, -1.687159]
[0.586919, -2.107259, -1.785686]
[0.491432, -2.053615, -1.655311]
[0.341756, -1.688066, -1.890258]
[0.198479, 1.522955, -1.763274]
[0.433494, -1.991471, -1.669268]
[0.674455, -2.240017, -1.642267]
[0.849556, -2.391298, -1.741648]
[0.910355, -2.460771, -1.712136]
[0.757000, -2.277303, -1.796726]
[0.446147, -1.975308, -1.748618]
[0.513922, -1.985685, -1.856050]
[0.545398, -2.069066, -1.773974]
[0.707924, -2.205712, -1.840625]
[0.854594, -2.425391, 1.570796]
[0.667064, -2.062687, -1.981912]
[0.805146, -2.341600, -1.757169]
[0.755704, -2.255805, -1.838638]
[0.682958, -2.209101, -1.780306]
[0.421069, -1.955020, -1.734500]
[0.569407, -2.074918, -1.812601]
[0.639375, -2.137223, -1.834777]
[0.758213, -2.307543, -1.717620]
[0.808800, -2.351308, -1.739766]
[0.737936, -2.254979, -1.803397]
[0.609595, -2.142467, -1.759191]
[0.620381, -2.055277, -1.926136]
[0.564034, -2.045628, -1.851554]
[0.697805, -2.263403, -1.642374]
[0.697805, -2.263403, -1.642374]
[0.697805, -2.263403, -1.642374]
[0.697805, -2.263403, -1.642374]
[0.697805, -2.263403, -1.642374]
[0.697805, -2.263403, -1.642374]
[0.556118, -2.126661, 1.555719]
[0.613706, -2.107085, -1.839720]
[0.573322, -2.133903, -1.667208]
[0.794170, -2.268058, -1.886587]
[0.761075, -2.241186, -1.874935]
[0.703579, -2.254340, -1.711604]
[0.761585, -2.324516, -1.659534]
[0.682669, -2.125615, -1.925283]
[0.656943, -2.166777, -1.813745]
[0.735278, -2.225858, -1.855388]
[0.714149, -2.284843, -1.580872]
[0.775955, -2.273437, -1.844261]
[0.795592, -2.324091, -1.777882]
[0.727055, -2.291002, -1.653332]
[0.605576, -2.174237, -1.615495]
[0.659471, -2.169001, -1.814557]
[0.654980, -2.174642, -1.793180]
[0.630375, -2.184865, -1.695396]
[0.742423, -2.267819, -1.784538]
[0.772792, -2.303680, -1.771676]
[0.752302, -2.257718, -1.828125]
[0.727705, -2.281333, -1.701617]
[0.582007, -2.121346, -1.740368]
[0.628946, -2.104601, -1.870558]
[0.679419, -2.202289, -1.787667]
[0.749361, -2.210876, -1.904484]
[0.723150, -2.247662, -1.785982]
[0.750745, -2.285262, -1.761874]
[0.660207, -2.182246, -1.788318]
[0.712269, -2.259815, -1.722757]
[0.624536, -2.078039, -1.902300]
[0.572728, -2.091893, -1.786588]
[0.664510, -2.160296, -1.840923]
[0.718078, -2.269902, -1.708150]
[0.888084, -2.429628, -1.741312]
[0.733034, -2.283143, -1.714548]
[0.728612, -2.254498, -1.782940]
[0.750984, -2.283432, -1.767299]
[0.735293, -2.289774, -1.698438]
[0.299439, -1.719983, -1.828438]
[0.323497, 1.560710, -1.894125]
[0.783361, -2.349226, -1.641070]
[0.728745, -2.251850, -1.789460]
[0.936409, -2.440049, -1.829127]
[0.941411, -2.398651, -1.910596]
[0.763954, -2.212823, -1.924502]
[0.388001, -1.936965, -1.693361]
[0.547038, -2.106492, -1.671050]
[0.331248, -1.894627, -1.638072]
[0.688418, -2.252878, 1.491913]
[0.816215, -2.241664, -1.960492]
[0.789316, -2.280992, -1.855404]
[0.616406, -2.108801, -1.841734]
[0.540614, -2.108709, -1.619610]
[0.629671, -2.195137, -1.642021]
[0.729788, -2.236417, -1.824796]
[0.597772, -2.067676, -1.874646]
[0.761336, -2.312648, -1.710673]
[0.822419, -2.343732, -1.795040]
[0.987886, -2.527581, -1.741769]
[1.033635, -2.545310, -1.804265]
[0.868640, -2.315267, -1.930253]
[0.868640, -2.315267, -1.930253]
[0.724664, -2.295107, 1.552077]
[0.316433, -1.712693, -1.851660]
[1.258728, 0.530406, -1.984562]
[1.417616, 0.521026, -2.064406]
[1.001718, 0.571407, -1.616812]
[0.411861, -1.962936, -1.690250]
[0.812163, -2.320769, -1.822749]
[1.086877, -2.627393, -1.730996]
[1.068534, -2.574066, -1.812309]
[0.566183, -2.032440, -1.874337]
[1.379819, 0.223213, -1.684935]
[-2.070770, 0.545891, 1.370151]
[-2.933522, -1.583886, -1.778443]
[1.142986, -2.702030, -1.665609]
[1.036794, -2.593210, -1.683721]
[0.782566, -2.334518, -1.708477]
[0.918348, -2.488944, -1.584674]
[1.096400, -2.565765, -1.871703]
[0.583491, -2.144306, -1.666541]
[0.221638, -1.763849, -1.678313]
[-1.948831, 0.424259, 1.387503]
[-2.116284, 1.025309, 0.823815]
[-2.032230, 0.494207, -1.735124]
[0.940879, -2.488872, -1.719197]
[0.881642, -2.448166, -1.635630]
[1.174188, -2.231013, -2.330840]
[-2.534148, 0.963558, 1.556879]
[0.386711, 1.187525, -1.619745]
[0.347685, -1.777258, 1.295167]
[0.558393, -1.699654, 1.030949]
[0.682910, -2.144006, 1.242265]
[0.635732, -2.137805, -1.826702]
[0.896360, -2.435738, -1.747341]
[-1.804115, -2.855186, 1.407737]
[0.776339, -2.160984, -2.010545]
[0.846031, -2.416092, 1.543776]
[0.790787, -2.350805, 1.466791]
[1.295734, -1.771316, 0.343529]
[-1.844950, 0.274346, -1.580824]
[1.143511, 1.562671, 0.427373]
[0.417709, 1.248873, -1.827501]
[0.748909, -2.230697, -1.871495]
[0.980458, -2.548187, -1.624117]
[1.019042, -2.561981, -1.730238]
[0.980737, -2.546313, -1.640404]
[-1.832027, -2.869206, -1.646196]
[0.949678, -2.340756, -2.004735]
[0.540505, -2.108710, -1.618598]
[1.000216, -2.556879, -1.684752]
[1.539993, 0.967249, 0.604562]
[0.974500, 0.705313, -1.900600]
[0.390307, -1.936082, 1.439440]
[0.845493, -2.359680, -1.810714]
[1.010143, -2.281793, -2.140991]
[0.900869, -2.080447, -2.231328]
[0.886419, 1.525282, -2.455103]
[0.839765, -2.383578, -1.735522]
[0.516024, -2.053174, -1.739758]
[0.497430, -2.067809, 1.552097]
[0.396451, -1.962291, 1.511489]
[0.170735, 1.434449, -1.672918]
[1.180162, 0.434360, 1.390635]
[-1.967672, 1.085896, -2.491147]
[0.852795, -2.185271, -2.076666]
[0.777129, -2.259976, -1.870839]
[0.925808, -2.488605, -1.658674]
[1.298008, -2.802213, -1.767610]
[1.368306, -2.779500, -1.866704]
[0.819699, -1.651603, -2.383967]
[0.549137, 1.312025, 1.098514]
[0.777761, -2.294930, -1.804154]
[0.759547, -2.318322, -1.680544]
[0.658953, -2.222116, -1.656786]
[0.505010, -2.020331, -1.785149]
[0.748869, -2.131313, -2.010089]
[0.895056, -2.373585, -1.877915]
[0.646596, -2.203624, -1.685890]
[0.498335, -2.034088, -1.741131]
[0.774137, -2.313422, -1.749110]
[0.308169, -1.720604, -1.838019]
[0.859659, -2.404420, -1.732235]
[1.139721, -2.539196, -1.963515]
[1.162827, -2.722289, -1.662261]
[0.951882, -2.350923, -1.994047]
[0.268057, -1.742725, -1.774389]
[0.581771, 1.265919, -2.049096]
[0.405763, -1.851080, -1.856224]
[0.856471, 1.182197, -2.283210]
[0.862615, 1.399496, -2.404121]
[-2.272552, 0.848598, -1.963267]
[0.940898, -1.623934, -2.508734]
[1.286033, 1.453995, -2.832555]
[-2.225527, 1.042841, 0.911322]
[-2.160359, -1.830314, 0.659042]
[-1.589142, 1.192304, -2.762610]
[-2.338682, 1.273575, 0.853873]
[-1.684827, -2.878923, 1.335222]
[1.141422, -2.647041, 1.340799]
[-1.744844, -2.435493, -2.246359]
[1.488738, -3.059514, -1.572659]
[-1.809951, -2.896119, 1.516512]
[-2.203553, -2.420806, -1.868161]
[-2.543073, -2.125099, -1.773165]
[-2.236486, -1.650623, 0.672225]
[-2.280149, 0.770094, 1.322381]
[-2.499784, 1.567966, -2.212596]
[-2.944643, -1.683388, -1.731698]
[-2.905976, -1.594334, -1.805191]
[-2.964111, -1.588120, -1.747413]
[-2.858280, -1.595303, -1.852988]
[-2.947385, -1.601810, -1.762449]
[-2.905448, -1.573881, -1.806920]
[-2.853033, 1.570324, -1.859355]
[-2.802336, 1.552143, -1.909498]
[-2.861048, -1.580954, -1.851146]
[-2.855242, 1.561961, -1.857003]
[-2.817474, 1.520385, -1.890686]
[-2.716637, -1.586120, -1.995439]
[-2.733920, 1.558847, -1.978272]
[-2.747106, 1.553136, -1.964843]
[-2.737506, 1.548021, -1.974165]
[-2.691666, 1.563549, -2.020656]
[-2.730374, 1.558198, -1.981798]
[-2.647846, 1.564939, -2.064502]
[-2.600577, 1.567630, -2.111801]
[-2.575554, 1.552806, -2.136477]
[-2.579295, 1.527443, -2.131010]
[-2.581537, 1.498030, -2.124963]
[-2.607290, 1.543794, -2.104267]
[-2.665772, 1.527688, -2.044333]
[-2.741972, 1.542637, -1.969309]
[-2.753831, -1.600112, -1.957329]
[-2.793171, -1.572639, -1.919212]
[-2.868139, 1.447215, -1.813456]
[-2.671314, -1.686036, 1.117087]
[-3.000082, 1.469993, 1.471816]
[-2.899088, 1.541679, -1.811477]
[-3.003493, -1.646469, -1.686096]
[-2.954748, 1.539325, -1.754909]
[-2.882353, -1.722248, -1.779553]
[-2.355915, -1.761400, 0.821040]
[1.216792, 1.531243, -2.785191]
[-2.520185, 0.949483, -1.580223]
[-2.823632, 1.254419, -1.601442]
[1.447045, -2.834427, -1.850442]
[-2.361484, -1.953082, -2.209656]
[1.408023, 1.258893, -2.787187]
[0.990147, -2.306560, 1.048785]
[1.171029, -2.080672, -2.467419]
[-1.591633, 1.332787, 0.238955]
[-1.704545, 0.922804, -2.475216]
[1.411438, -2.895698, 1.385139]
[0.886713, -2.344926, -1.911871]
[-1.990628, 0.422024, 1.530348]
[1.107353, 0.910854, -2.280209]
[1.040580, 0.896033, -2.208017]
[0.745987, -2.149326, -1.984555]
[1.209333, -2.717255, 1.358377]
[1.164221, -2.733920, 1.542545]
[1.353023, -2.844401, 1.371818]
[1.184278, -2.629524, 1.252429]
[0.647999, -2.159587, 1.332097]
[0.460529, -1.941151, -1.831631]
[0.460529, -1.941151, -1.831631]
[0.090032, 1.511995, -1.638895]
[0.090032, 1.511995, -1.638895]
[0.488855, -1.981962, -1.819933]
[0.497932, -1.878589, -1.948974]
[0.497932, -1.878589, -1.948974]
[0.134525, -1.689920, -1.633000]
[0.172306, -1.729223, 1.503612]
[0.172306, -1.729223, 1.503612]
[0.177008, -1.698482, 1.448879]
[0.226716, -1.780527, -1.655629]
[0.326963, -1.657188, -1.885317]
[0.401826, -1.655643, -1.962548]
[0.367543, -1.639360, -1.931286]
[0.193676, -1.628832, -1.755361]
[0.047871, -1.589878, -1.614695]
[0.147010, -1.635211, -1.702759]
[0.102695, -1.621382, -1.660091]
[0.238025, 1.552849, -1.808117]
[0.330242, -1.573163, -1.901029]
[0.336856, -1.630525, -1.901899]
[0.307795, -1.617855, -1.874738]
[0.292250, -1.597562, -1.861745]
[0.194548, -1.620460, -1.758741]
[0.216375, 1.558681, -1.786821]
[0.298107, 1.555608, -1.868492]
[0.335829, 1.565249, -1.906576]
[0.117189, 1.519625, -1.676130]
[0.415454, -1.811500, 1.239063]
[0.168688, 1.430052, -1.663167]
[0.168688, 1.430052, -1.663167]
[0.567079, -2.137782, -1.580025]
[0.567079, -2.137782, -1.580025]
[0.567079, -2.137782, -1.580025]
[0.685465, -2.110190, -1.949849]
[0.512379, -2.036217, -1.769397]
[1.563347, 1.409939, 0.161033]
[0.872999, -2.362361, -1.859366]
[0.604185, -1.885343, 1.074179]
[-1.945445, -1.622026, 0.378483]
[1.380103, -2.520401, -2.153491]
[1.371345, -2.765784, -1.884886]
[1.378272, -2.947472, -1.595329]
[-1.624841, -2.681037, -2.027677]
[-1.574895, -3.014122, -1.698201]
[1.550311, -2.627158, -2.084741]
[1.451575, -2.881543, -1.800784]
[1.561389, -2.932919, 1.362340]
[1.469882, -2.232586, 0.672231]
[-1.619804, -3.036216, 1.477584]
[-1.619804, -3.036216, 1.477584]
[-1.619804, -3.036216, 1.477584]
[-1.619804, -3.036216, 1.477584]
[-1.619804, -3.036216, 1.477584]
[-1.612679, -2.871616, -1.837343]
[-1.582924, -2.869008, -1.843097]
[-1.614682, -2.834642, -1.874390]
[-1.594017, -2.779459, -1.932115]
[-1.585791, -2.828489, -1.883517]
[-1.577916, -2.775375, -1.936938]
[-1.672376, -2.743312, -1.954484]
[-1.627667, -2.736318, -1.971593]
[1.545456, -2.801273, -1.910095]
[1.559710, -2.734323, -1.977897]
[1.564594, -2.704432, -2.007906]
[-1.588583, -2.732956, -1.978999]
[-1.596949, -2.706960, -2.004533]
[-1.596554, -2.714094, -1.997415]
[-1.597878, -2.715943, -1.995471]
[-1.599870, -2.694084, -2.017220]
[-1.612961, -2.676171, -2.034000]
[-1.593503, -2.649934, -2.061836]
[-1.620692, -2.668155, -2.041162]
[-1.602577, -2.634094, -2.077105]
[-1.621173, -2.620624, -2.088823]
[-1.574386, -2.660543, -2.051830]
[-1.599230, -2.635865, -2.075570]
[-1.596659, -2.668614, -2.042950]
[-1.591325, -2.666095, -2.045776]
[-1.601929, -2.679447, -2.031727]
[-1.604959, -2.691854, -2.019043]
[-1.592113, -2.701041, -2.010759]
[-1.609713, -2.748792, -1.961452]
[-1.596666, -3.115722, -1.570918]
[-1.614233, -2.802255, -1.907119]
[-1.589122, -2.764850, -1.947048]
[-1.609077, -2.808401, -1.901612]
[-1.606598, -2.776887, -1.933576]
[-1.588672, -2.781889, -1.930014]
[-1.613882, -2.796590, -1.912874]
[1.484670, -2.846055, -1.852780]
[-1.586471, -2.561322, 0.990793]
[-1.951939, -2.698976, -1.784735]
[1.527065, -2.963502, -1.743323]
[1.476277, -2.944656, -1.743047]
[1.532004, -2.900413, -1.808713]
[1.508730, -3.000290, -1.697574]
[-1.606920, -2.924159, -1.785113]
[-1.606920, -2.924159, -1.785113]
[-1.606920, -2.924159, -1.785113]
[-1.606920, -2.924159, -1.785113]
[-1.606920, -2.924159, -1.785113]
[-1.606920, -2.924159, -1.785113]
[-1.606920, -2.924159, -1.785113]
[-1.606920, -2.924159, -1.785113]
[-1.606920, -2.924159, -1.785113]
[-1.606920, -2.924159, -1.785113]
[-1.686937, -2.710113, -1.984323]
[-1.660375, 1.024695, 0.555076]
[0.475745, -1.787053, -1.987367]
[1.547212, -2.848760, -1.862621]
[-1.643293, -2.536820, -2.169948]
[1.104426, -2.626257, -1.773924]
[1.104426, -2.626257, -1.773924]
[1.104426, -2.626257, -1.773924]
[1.104426, -2.626257, -1.773924]
[1.390463, -1.638106, -2.948848]
[-2.416718, 0.920733, 1.296610]
[-2.163504, 0.641436, -1.786890]
[-1.947685, 0.753140, -2.185199]
[-1.735134, 0.425047, -1.958995]
[-1.944715, 0.945828, 0.761116]
[-1.907290, 0.849500, 0.830551]
[-1.851595, 0.288845, -1.636718]
[-1.659729, 0.092109, -1.594710]
[-1.697913, 0.307084, 1.292819]
[-1.606166, 0.414062, 1.158434]
[-1.615904, 0.083272, -1.640746]
[-1.652996, 0.083905, -1.587592]
[-1.653919, 0.181313, -1.731558]
[-1.611797, 0.274219, -1.841776]
[-1.641965, 0.281063, -1.842224]
[-1.640939, 0.199611, -1.757366]
[-1.615580, 0.216356, -1.782322]
[-1.635882, 0.163852, -1.720952]
[-1.628118, 0.175109, -1.736074]
[-1.626757, 0.217225, -1.780466]
[-1.654730, 0.236987, -1.791889]
[-1.612142, 0.187608, -1.753686]
[-1.603152, 0.256720, -1.825377]
[-1.576625, 0.204255, -1.774965]
[-1.611392, 0.202014, -1.768579]
[-1.602242, 0.271288, -1.840163]
[-1.594345, 0.236610, -1.806188]
[1.548775, 0.378004, -1.948093]
[-1.580943, 0.346117, -1.916752]
[-1.589119, 0.311902, -1.882123]
[-1.584960, 0.377402, -1.947905]
[-1.577155, 0.325545, -1.896275]
[-1.589718, 0.369183, -1.939448]
[-1.588958, 0.355571, -1.925861]
[-1.586889, 0.397177, -1.967610]
[-1.578562, 0.445417, -2.016136]
[-1.578935, 0.436529, -2.007239]
[-1.585169, 0.438928, -2.009456]
[-1.575838, 0.455191, -2.025955]
[1.568249, 0.490372, -2.061161]
[-1.574292, 0.483046, -2.053828]
[-1.583342, 0.499709, -2.070319]
[-1.576144, 0.518010, -2.088773]
[-1.589124, 0.516762, -2.087167]
[1.565260, 0.544900, -2.115662]
[-1.576833, 0.512974, -2.083728]
[-1.579422, 0.536694, -2.107405]
[-1.577726, 0.573567, -2.144310]
[-1.572386, 0.588776, -2.159570]
[-1.578105, 0.593466, -2.164205]
[-1.582217, 0.606459, -2.177116]
[-1.575024, 0.607952, -2.178729]
[-1.573847, 0.607577, -2.178364]
[-1.573469, 0.609667, -2.180456]
[-1.579045, 0.635073, -2.205798]
[-1.578064, 0.626503, -2.197244]
[-1.574661, 0.647964, -2.218745]
[-1.574090, 0.653717, -2.224502]
[-1.577322, 0.657923, -2.228675]
[1.570449, 0.691692, -2.262488]
[-1.575136, 0.689882, -2.260659]
[-1.577761, 0.689373, -2.260120]
[1.568894, 0.690466, -2.261259]
[-1.574093, 0.696078, -2.266863]
[-1.574639, 0.687434, -2.258216]
[-1.571841, 0.689834, -2.260629]
[-1.583034, 0.687666, -2.258310]
[-1.581772, 0.730052, -2.300727]
[1.570453, 0.710617, -2.281413]
[-1.571310, 0.712116, -2.282912]
[-1.574656, 0.728532, -2.299314]
[-1.571472, 0.724046, -2.294842]
[-1.571472, 0.724007, -2.294803]
[-1.578449, 0.736001, -2.306738]
[-1.582582, 0.739912, -2.310569]
[-1.575601, 0.738764, -2.309537]
[1.565974, 0.732124, -2.302896]
[-1.585902, 0.734227, -2.304794]
[-1.583743, 0.766722, -2.337351]
[1.567049, 0.749571, -2.320353]
[-1.574784, 0.741221, -2.312001]
[-1.576315, 0.735964, -2.306730]
[1.528307, 0.748609, -2.317596]
[-1.610221, 0.753217, -2.322456]
[-1.571763, 0.768771, -2.339567]
[-1.573116, 0.794260, -2.365051]
[-1.576717, 0.790484, -2.361245]
[-1.574595, 0.776340, -2.347122]
[-1.573369, 0.770392, -2.341182]
[-1.576898, 0.742373, -2.313132]
[-1.575353, 0.727144, -2.297920]
[-1.574973, 0.705465, -2.276244]
[-1.574765, 0.675230, -2.246010]
[-1.578179, 0.659152, -2.229892]
[-1.578386, 0.635950, -2.206686]
[-1.571388, 0.617337, -2.188133]
[-1.572920, 0.565153, -2.135945]
[1.551028, 0.483571, -2.053893]
[-1.625840, 0.439906, -2.006762]
[-1.593022, 0.467413, -2.037595]
[-1.616430, 0.442277, -2.010377]
[-1.622693, 0.384585, -1.951497]
[1.555158, 0.310747, -1.881123]
[1.531883, 0.323592, -1.891870]
[1.531883, 0.323592, -1.891870]
[1.531883, 0.323592, -1.891870]
[1.531883, 0.323592, -1.891870]
[1.531883, 0.323592, -1.891870]
[1.531883, 0.323592, -1.891870]
[1.531883, 0.323592, -1.891870]
[1.531883, 0.323592, -1.891870]
[1.531883, 0.323592, -1.891870]
[1.531883, 0.323592, -1.891870]
[-1.697400, 0.385999, 1.208225]
[-1.715261, 0.200316, 1.433001]
[-1.727161, 0.171965, 1.499811]
[-1.644612, 0.273791, -1.833954]
[-1.708383, 0.283539, -1.817107]
[-1.615707, 0.583302, -2.151904]
[-2.074817, 0.617390, -1.895692]
[-1.862046, 0.407364, 1.294318]
[-2.486045, 0.918965, 1.510861]
[-1.605586, 1.156447, -2.725605]
[1.542648, -2.080408, 0.510541]
[-2.100479, -2.100479, 0.795973]
[-2.473741, 1.296121, -2.161259]
[-2.413354, 1.162399, -2.134220]
[-2.893781, 1.570796, 1.322985]
[-1.686486, 1.536160, 0.120807]
[-2.245233, 0.700311, -1.730778]
[-2.173600, 0.611245, -1.659848]
[1.150629, -2.464159, -2.066781]
[-2.859573, 1.549450, -1.851963]
[-1.896792, -2.192323, 0.726873]
[1.488066, -2.829332, -1.871182]
[-2.559892, 1.482732, 0.997551]
[-2.701236, 1.174545, -1.752718]
[-2.230213, 0.785676, -1.932058]
[-2.438339, 0.869253, -1.611879]
[0.748546, -2.316388, -1.625096]
[0.953712, -2.395380, -1.933685]
[1.465766, -3.035359, -1.586681]
[-1.727245, -2.908128, -1.742653]
[-2.142016, -2.425946, -1.951639]
[-2.768707, -1.795193, 1.278189]
[-2.737254, 1.269131, -1.831613]
[-2.876060, -1.807725, -1.688427]
[1.424814, -2.423390, -2.267578]
[0.916723, -2.466759, -1.713243]
[1.210363, -2.480242, -2.097666]
[1.155027, -2.688253, -1.740992]
[-2.116725, -2.584851, 1.472408]
[-2.316481, -2.284541, -1.910583]
[-2.399911, -2.299292, -1.685585]
[-2.662281, 1.570796, -2.050108]
[1.484632, -2.607193, -2.096708]
[0.686584, -2.251510, -1.646694]
[1.284869, -2.842172, -1.657245]
